File generated for type: KFZ_
Time of generation:2025-08-07 14:36:23
day,hour,count,n_counts
0,0,6308963.538508,0.005952
0,1,6308963.538508,0.005952
0,2,6308963.538508,0.005952
0,3,6308963.538508,0.005952
0,4,6308963.538508,0.005952
0,5,6308963.538508,0.005952
0,6,6308963.538508,0.005952
0,7,6308963.538508,0.005952
0,8,6308963.538508,0.005952
0,9,6308963.538508,0.005952
0,10,6308963.538508,0.005952
0,11,6308963.538508,0.005952
0,12,6308963.538508,0.005952
0,13,6308963.538508,0.005952
0,14,6308963.538508,0.005952
0,15,6308963.538508,0.005952
0,16,6308963.538508,0.005952
0,17,6308963.538508,0.005952
0,18,6308963.538508,0.005952
0,19,6308963.538508,0.005952
0,20,6308963.538508,0.005952
0,21,6308963.538508,0.005952
0,22,6308963.538508,0.005952
0,23,6308963.538508,0.005952
1,0,6308963.538508,0.005952
1,1,6308963.538508,0.005952
1,2,6308963.538508,0.005952
1,3,6308963.538508,0.005952
1,4,6308963.538508,0.005952
1,5,6308963.538508,0.005952
1,6,6308963.538508,0.005952
1,7,6308963.538508,0.005952
1,8,6308963.538508,0.005952
1,9,6308963.538508,0.005952
1,10,6308963.538508,0.005952
1,11,6308963.538508,0.005952
1,12,6308963.538508,0.005952
1,13,6308963.538508,0.005952
1,14,6308963.538508,0.005952
1,15,6308963.538508,0.005952
1,16,6308963.538508,0.005952
1,17,6308963.538508,0.005952
1,18,6308963.538508,0.005952
1,19,6308963.538508,0.005952
1,20,6308963.538508,0.005952
1,21,6308963.538508,0.005952
1,22,6308963.538508,0.005952
1,23,6308963.538508,0.005952
2,0,6308963.538508,0.005952
2,1,6308963.538508,0.005952
2,2,6308963.538508,0.005952
2,3,6308963.538508,0.005952
2,4,6308963.538508,0.005952
2,5,6308963.538508,0.005952
2,6,6308963.538508,0.005952
2,7,6308963.538508,0.005952
2,8,6308963.538508,0.005952
2,9,6308963.538508,0.005952
2,10,6308963.538508,0.005952
2,11,6308963.538508,0.005952
2,12,6308963.538508,0.005952
2,13,6308963.538508,0.005952
2,14,6308963.538508,0.005952
2,15,6308963.538508,0.005952
2,16,6308963.538508,0.005952
2,17,6308963.538508,0.005952
2,18,6308963.538508,0.005952
2,19,6308963.538508,0.005952
2,20,6308963.538508,0.005952
2,21,6308963.538508,0.005952
2,22,6308963.538508,0.005952
2,23,6308963.538508,0.005952
3,0,6308963.538508,0.005952
3,1,6308963.538508,0.005952
3,2,6308963.538508,0.005952
3,3,6308963.538508,0.005952
3,4,6308963.538508,0.005952
3,5,6308963.538508,0.005952
3,6,6308963.538508,0.005952
3,7,6308963.538508,0.005952
3,8,6308963.538508,0.005952
3,9,6308963.538508,0.005952
3,10,6308963.538508,0.005952
3,11,6308963.538508,0.005952
3,12,6308963.538508,0.005952
3,13,6308963.538508,0.005952
3,14,6308963.538508,0.005952
3,15,6308963.538508,0.005952
3,16,6308963.538508,0.005952
3,17,6308963.538508,0.005952
3,18,6308963.538508,0.005952
3,19,6308963.538508,0.005952
3,20,6308963.538508,0.005952
3,21,6308963.538508,0.005952
3,22,6308963.538508,0.005952
3,23,6308963.538508,0.005952
4,0,6308963.538508,0.005952
4,1,6308963.538508,0.005952
4,2,6308963.538508,0.005952
4,3,6308963.538508,0.005952
4,4,6308963.538508,0.005952
4,5,6308963.538508,0.005952
4,6,6308963.538508,0.005952
4,7,6308963.538508,0.005952
4,8,6308963.538508,0.005952
4,9,6308963.538508,0.005952
4,10,6308963.538508,0.005952
4,11,6308963.538508,0.005952
4,12,6308963.538508,0.005952
4,13,6308963.538508,0.005952
4,14,6308963.538508,0.005952
4,15,6308963.538508,0.005952
4,16,6308963.538508,0.005952
4,17,6308963.538508,0.005952
4,18,6308963.538508,0.005952
4,19,6308963.538508,0.005952
4,20,6308963.538508,0.005952
4,21,6308963.538508,0.005952
4,22,6308963.538508,0.005952
4,23,6308963.538508,0.005952
5,0,6308963.538508,0.005952
5,1,6308963.538508,0.005952
5,2,6308963.538508,0.005952
5,3,6308963.538508,0.005952
5,4,6308963.538508,0.005952
5,5,6308963.538508,0.005952
5,6,6308963.538508,0.005952
5,7,6308963.538508,0.005952
5,8,6308963.538508,0.005952
5,9,6308963.538508,0.005952
5,10,6308963.538508,0.005952
5,11,6308963.538508,0.005952
5,12,6308963.538508,0.005952
5,13,6308963.538508,0.005952
5,14,6308963.538508,0.005952
5,15,6308963.538508,0.005952
5,16,6308963.538508,0.005952
5,17,6308963.538508,0.005952
5,18,6308963.538508,0.005952
5,19,6308963.538508,0.005952
5,20,6308963.538508,0.005952
5,21,6308963.538508,0.005952
5,22,6308963.538508,0.005952
5,23,6308963.538508,0.005952
6,0,6308963.538508,0.005952
6,1,6308963.538508,0.005952
6,2,6308963.538508,0.005952
6,3,6308963.538508,0.005952
6,4,6308963.538508,0.005952
6,5,6308963.538508,0.005952
6,6,6308963.538508,0.005952
6,7,6308963.538508,0.005952
6,8,6308963.538508,0.005952
6,9,6308963.538508,0.005952
6,10,6308963.538508,0.005952
6,11,6308963.538508,0.005952
6,12,6308963.538508,0.005952
6,13,6308963.538508,0.005952
6,14,6308963.538508,0.005952
6,15,6308963.538508,0.005952
6,16,6308963.538508,0.005952
6,17,6308963.538508,0.005952
6,18,6308963.538508,0.005952
6,19,6308963.538508,0.005952
6,20,6308963.538508,0.005952
6,21,6308963.538508,0.005952
6,22,6308963.538508,0.005952
6,23,6308963.538508,0.005952
