File generated for type: KFZ_
Time of generation:2025-08-07 21:02:07
day,hour,count,n_counts
0,0,690763.518634,3.678946
0,1,1668280.258502,8.885114
0,2,1569130.115832,8.357049
0,3,2001865.162779,10.661758
0,4,3473662.056842,18.500419
0,5,8053604.797153,42.892793
0,6,14628734.427373,77.911356
0,7,7917131.242460,42.165946
0,8,1205528.057547,6.420537
0,9,4962964.846401,26.432315
0,10,8024538.561709,42.737988
0,11,11406387.232380,60.749418
0,12,15108390.720768,80.465964
0,13,16743290.727360,89.173298
0,14,17631017.228952,93.901251
0,15,18773456.084898,99.985780
0,16,18776126.000000,100.000000
0,17,18336229.432833,97.657149
0,18,16913444.886603,90.079524
0,19,14471808.636765,77.075583
0,20,12356886.282231,65.811692
0,21,10435081.507767,55.576329
0,22,7237162.897885,38.544495
0,23,2848116.848316,15.168820
1,0,1850705.271297,9.856694
1,1,1478643.540565,7.875126
1,2,1410403.963836,7.511688
1,3,1654255.526089,8.810420
1,4,2669920.724971,14.219764
1,5,3483783.127513,18.554323
1,6,4297645.530054,22.888883
1,7,10613425.495175,56.526173
1,8,13673662.135585,72.824725
1,9,11108948.372452,59.165285
1,10,9415891.032643,50.148210
1,11,9047052.245737,48.183807
1,12,9066394.417299,48.286821
1,13,9205524.599446,49.027816
1,14,9921736.588549,52.842299
1,15,10836901.956484,57.716389
1,16,13103013.130613,69.785499
1,17,18364433.280117,97.807361
1,18,18776126.000000,100.000000
1,19,12703808.411470,67.659369
1,20,5597773.752473,29.813252
1,21,2957750.604360,15.752720
1,22,1466612.909445,7.811052
1,23,2942053.693202,15.669120
2,0,1887915.569517,10.054873
2,1,1458575.844365,7.768247
2,2,1360671.519192,7.246817
2,3,1570328.586044,8.363432
2,4,2519288.885122,13.417512
2,5,2979596.498744,15.869070
2,6,3439904.112366,18.320628
2,7,8926444.230639,47.541459
2,8,12054598.587496,64.201735
2,9,10925619.987708,58.188894
2,10,9695254.224640,51.636074
2,11,9238565.458845,49.203789
2,12,9388751.059795,50.003665
2,13,9551876.552113,50.872457
2,14,10244168.673608,54.559544
2,15,10966268.079775,58.405382
2,16,13007422.376138,69.276391
2,17,17801618.358033,94.809858
2,18,18776126.000000,100.000000
2,19,13562818.435016,72.234381
2,20,6530442.619945,34.780565
2,21,3636866.400159,19.369631
2,22,2160422.194898,11.506219
2,23,3149667.567265,16.774853
3,0,2034076.739775,10.833314
3,1,1535547.859459,8.178193
3,2,1399712.943718,7.454748
3,3,1586225.536928,8.448098
3,4,2499874.814423,13.314114
3,5,2907570.387702,15.485465
3,6,3315265.960981,17.656816
3,7,8648612.236726,46.061750
3,8,11691937.902017,62.270236
3,9,10533516.997139,56.100588
3,10,9424437.725873,50.193729
3,11,9255918.296531,49.296209
3,12,9514830.864725,50.675155
3,13,9721320.140204,51.774898
3,14,10436992.209236,55.586505
3,15,11143772.860676,59.350757
3,16,13304390.086972,70.858015
3,17,18023050.923348,95.989188
3,18,18776126.000000,100.000000
3,19,13725593.030793,73.101304
3,20,7097274.986424,37.799464
3,21,4334627.513334,23.085846
3,22,2807192.346631,14.950860
3,23,3359051.722340,17.890015
4,0,2114537.746864,11.261843
4,1,1588273.340925,8.459004
4,2,1434643.145327,7.640784
4,3,1604120.208740,8.543404
4,4,2451332.953255,13.055584
4,5,2831318.353495,15.079353
4,6,3211303.753736,17.103122
4,7,8549864.115205,45.535826
4,8,11483187.453548,61.158449
4,9,10195192.627728,54.298702
4,10,9509857.073702,50.648665
4,11,9625251.077984,51.263243
4,12,10052517.680630,53.538827
4,13,10271947.768644,54.707493
4,14,11035945.082201,58.776475
4,15,11933613.082274,63.557376
4,16,13797234.818835,73.482862
4,17,18369232.340200,97.832920
4,18,18776126.000000,100.000000
4,19,13453653.103599,71.652976
4,20,6831776.308165,36.385441
4,21,4316328.240791,22.988386
4,22,2881814.135346,15.348289
4,23,236917.436303,1.261801
5,0,3986867.884768,21.233709
5,1,2938159.411673,15.648379
5,2,2383260.575151,12.693037
5,3,2305766.179301,12.280308
5,4,2767697.005695,14.740511
5,5,2856187.639935,15.211805
5,6,2944678.274174,15.683098
5,7,7205042.493071,38.373424
5,8,8726011.411890,46.473971
5,9,7511379.021486,40.004946
5,10,7740012.338850,41.222627
5,11,8354685.872255,44.496324
5,12,7682025.815148,40.913796
5,13,9609393.205567,51.178785
5,14,11516985.311538,61.338453
5,15,12488101.128518,66.510531
5,16,13991378.103849,74.516852
5,17,18445663.310266,98.239985
5,18,18776126.000000,100.000000
5,19,14015282.601449,74.644166
5,20,8239484.590075,43.882772
5,21,6335852.412331,33.744194
5,22,5721517.945446,30.472303
5,23,1940572.250318,10.335318
6,0,3812944.279768,20.307407
6,1,2742712.709219,14.607447
6,2,1846678.808313,9.835249
6,3,1549500.893961,8.252506
6,4,1584302.103541,8.437854
6,5,2124400.566221,11.314371
6,6,1465765.637964,7.806539
6,7,807130.709707,4.298707
6,8,2609121.143363,13.895950
6,9,5450036.954204,29.026419
6,10,8775082.395110,46.735319
6,11,11778635.463513,62.731979
6,12,14514712.612548,77.304086
6,13,16197169.851618,86.264706
6,14,17206869.138138,91.642276
6,15,18247891.120627,97.186667
6,16,18776126.000000,100.000000
6,17,18521432.633971,98.643525
6,18,16760107.482495,89.262862
6,19,13181485.595265,70.203436
6,20,10069755.776014,53.630636
6,21,10594488.406242,56.425316
6,22,11213965.053799,59.724594
6,23,4608713.384224,24.545603
