File generated for type: PKW_
Time of generation:2025-08-07 21:02:07
day,hour,count,n_counts
0,0,281732.399621,5.757638
0,1,274255.311906,5.604832
0,2,227454.339710,4.648382
0,3,288760.544394,5.901269
0,4,604977.803392,12.363659
0,5,1806918.702157,36.927183
0,6,3566156.493664,72.879933
0,7,2001454.495867,40.902823
0,8,436752.498070,8.925714
0,9,1203349.401669,24.592309
0,10,2070650.603709,42.316953
0,11,3086274.078933,63.072792
0,12,4090539.100569,83.596504
0,13,4388127.127819,89.678176
0,14,4586136.728169,93.724809
0,15,4893194.000000,100.000000
0,16,4861656.377743,99.355480
0,17,4765744.006432,97.395362
0,18,4379736.926084,89.506709
0,19,3717171.041979,75.966149
0,20,3195415.176470,65.303260
0,21,2666708.868517,54.498327
0,22,1943614.434357,39.720772
0,23,195446.216766,3.994246
1,0,311878.750160,6.373725
1,1,188946.760482,3.861420
1,2,148238.661889,3.029487
1,3,173831.497213,3.552516
1,4,387980.751006,7.928988
1,5,830480.908176,16.972164
1,6,1272981.065345,26.015340
1,7,3172873.139309,64.842578
1,8,3815106.346576,77.967609
1,9,2913228.311409,59.536334
1,10,2311832.947237,47.245888
1,11,2195748.827898,44.873529
1,12,2296412.190478,46.930741
1,13,2314433.127751,47.299027
1,14,2473327.170823,50.546272
1,15,2743881.397157,56.075467
1,16,3365893.014354,68.787238
1,17,4725447.220015,96.571835
1,18,4893194.000000,100.000000
1,19,3218194.845484,65.768797
1,20,1436517.456612,29.357460
1,21,774283.984514,15.823693
1,22,418500.239866,8.552701
1,23,628883.792866,12.852215
2,0,328210.572251,6.707492
2,1,191560.893024,3.914844
2,2,145118.991561,2.965731
2,3,166393.165050,3.400502
2,4,366313.936832,7.486193
2,5,701719.324436,14.340722
2,6,1037124.712041,21.195250
2,7,2680764.629777,54.785578
2,8,3407985.641318,69.647466
2,9,2950270.191492,60.293342
2,10,2454114.364429,50.153629
2,11,2293269.433104,46.866514
2,12,2335455.740026,47.728656
2,13,2331703.228760,47.651968
2,14,2473308.054435,50.545882
2,15,2713378.631914,55.452096
2,16,3303385.340269,67.509797
2,17,4603906.610039,94.087964
2,18,4893194.000000,100.000000
2,19,3459589.936228,70.702080
2,20,1681084.500801,34.355566
2,21,904636.626372,18.487651
2,22,545859.458212,11.155484
2,23,697808.788118,14.260804
3,0,374518.246240,7.653861
3,1,218361.014977,4.462546
3,2,162506.373929,3.321070
3,3,179973.993995,3.678047
3,4,373578.020220,7.634646
3,5,686112.433006,14.021771
3,6,998646.845792,20.408895
3,7,2604009.381872,53.216966
3,8,3312866.150009,67.703552
3,9,2828074.927367,57.796092
3,10,2379796.675710,48.634832
3,11,2276941.718043,46.532831
3,12,2368684.595685,48.407739
3,13,2349785.349791,48.021504
3,14,2506858.574418,51.231539
3,15,2739168.241232,55.979147
3,16,3364938.631039,68.767734
3,17,4616879.675085,94.353089
3,18,4893194.000000,100.000000
3,19,3472860.698186,70.973289
3,20,1771443.306085,36.202188
3,21,1033004.962533,21.111057
3,22,667973.880439,13.651081
3,23,759661.136660,15.524852
4,0,394374.805254,8.059660
4,1,236071.736871,4.824492
4,2,177548.989866,3.628489
4,3,191426.921255,3.912106
4,4,366888.730435,7.497940
4,5,672255.774534,13.738588
4,6,977622.818633,19.979237
4,7,2545269.067321,52.016517
4,8,3189691.372115,65.186285
4,9,2692381.738444,55.022992
4,10,2347958.792245,47.984175
4,11,2306577.103546,47.138476
4,12,2437308.526257,49.810176
4,13,2455289.806921,50.177651
4,14,2617083.562004,53.484157
4,15,2892571.025467,59.114170
4,16,3455289.991010,70.614204
4,17,4676593.446891,95.573432
4,18,4893194.000000,100.000000
4,19,3462635.236994,70.764315
4,20,1761998.371157,36.009166
4,21,1066870.835087,21.803158
4,22,724624.123919,14.808817
4,23,57630.079397,1.177760
5,0,865455.051288,17.686915
5,1,576988.994195,11.791664
5,2,422812.666636,8.640832
5,3,393630.036742,8.044440
5,4,505942.375666,10.339716
5,5,692010.572572,14.142308
5,6,878078.769478,17.944900
5,7,2121455.981814,43.355240
5,8,2352062.845532,48.068048
5,9,1946422.163179,39.778152
5,10,1915455.083618,39.145292
5,11,2061757.877199,42.135216
5,12,2186400.186793,44.682475
5,13,2422560.503491,49.508777
5,14,2821197.420500,57.655540
5,15,3168031.584240,64.743633
5,16,3682705.306173,75.261788
5,17,4856359.654075,99.247233
5,18,4893194.000000,100.000000
5,19,3527944.098800,72.099003
5,20,2094452.626864,42.803384
5,21,1553084.300985,31.739684
5,22,1425007.084987,29.122227
5,23,524193.035047,10.712697
6,0,971623.836440,19.856638
6,1,688321.290190,14.066912
6,2,449181.415291,9.179718
6,3,366841.019691,7.496965
6,4,372510.111498,7.612821
6,5,509698.910578,10.416487
6,6,391650.241136,8.003979
6,7,273601.571693,5.591472
6,8,769979.053065,15.735715
6,9,1587248.811021,32.437888
6,10,2460212.233941,50.278248
6,11,3275342.902550,66.936706
6,12,4118196.046317,84.161716
6,13,4440788.724601,90.754397
6,14,4573280.646777,93.462075
6,15,4795443.298031,98.002313
6,16,4893194.000000,100.000000
6,17,4873302.783085,99.593492
6,18,4390412.153166,89.724874
6,19,3414494.135571,69.780477
6,20,2629124.843499,53.730239
6,21,2609497.853734,53.329131
6,22,2777720.451072,56.767021
6,23,1226308.053860,25.061505
