File generated for type: PKW_
Time of generation:2025-08-04 14:57:15
day,hour,count,n_counts
0,0,91569.8695896264,1.8713721464880892
0,1,0.0,0.0
0,2,0.0,0.0
0,3,0.0,0.0
0,4,0.0,0.0
0,5,0.0,0.0
0,6,0.0,0.0
0,7,35479.66113584883,0.7250818409376131
0,8,141955.16506075868,2.9010737171009096
0,9,391117.7696623607,7.99309754860242
0,10,673011.7160896178,13.754037058199977
0,11,1003114.002171963,20.500188673736684
0,12,1329524.515084675,27.17089318520122
0,13,1426247.8485860883,29.147584350550748
0,14,1490605.7758458282,30.46283829837583
0,15,1590406.8437240531,32.50242773378805
0,16,1580156.3508411336,32.292943031507306
0,17,1548982.5016677396,31.655857128651338
0,18,1423520.8293305805,29.091853487325057
0,19,1208170.8316604763,24.690842661469713
0,20,1038587.5085265031,21.22514473218317
0,21,866745.1228603905,17.71327936027859
0,22,631721.8769504881,12.91021522854986
0,23,63524.76536273761,1.2982269937128512
1,0,0.0,0.0
1,1,0.0,0.0
1,2,0.0,0.0
1,3,0.0,0.0
1,4,0.0,0.0
1,5,146.08206945344764,0.0029854134018280827
1,6,952835.3573528603,19.472666674422886
1,7,2374918.0516749863,48.53512964486971
1,8,2855634.1630210984,58.35930811288288
1,9,2180572.0561907575,44.56336814339994
1,10,1730423.3600858923,35.363882161342715
1,11,1643533.5733137236,33.588154757684315
1,12,1718880.8142639718,35.12799235558557
1,13,1732369.613645486,35.40365686799841
1,14,1851302.9320054143,37.834243481975456
1,15,2053814.6896041892,41.9728849827779
1,16,2519394.7973397556,51.48773576808431
1,17,3537030.7643294423,72.28470329051827
1,18,3662590.419066422,74.85070935398069
1,19,2408841.67023794,49.22841134518557
1,20,1075243.5062679546,21.9742668340547
1,21,579557.0548228541,11.844146273841872
1,22,313250.39818746777,6.401757179205807
1,23,0.0,0.0
2,0,0.0,0.0
2,1,0.0,0.0
2,2,0.0,0.0
2,3,0.0,0.0
2,4,0.0,0.0
2,5,17831.13186133282,0.36440680384494906
2,6,969869.8478345545,19.820792877506072
2,7,2506923.953673101,51.23287475773699
2,8,3186986.55715412,65.13100762312142
2,9,2758952.7744080094,56.38347415630791
2,10,2294971.3738026815,46.90129542794914
2,11,2144556.8216677755,43.82734103057789
2,12,2184007.4553284994,44.63357584695189
2,13,2180498.2847456834,44.56186050963202
2,14,2312920.4024871257,47.26811163602191
2,15,2537423.0218402357,51.85617046534913
2,16,3089169.3160030586,63.13196076025309
2,17,4305355.1337480135,87.98660207929653
2,18,4575882.982158857,93.51525776739808
2,19,3235244.446558207,66.11723235494458
2,20,1572070.5042116414,32.12769622891799
2,21,845973.2730103306,17.28877442852931
2,22,510461.87939465477,10.43207932067796
2,23,35589.22268793891,0.727320900988984
3,0,0.0,0.0
3,1,0.0,0.0
3,2,0.0,0.0
3,3,0.0,0.0
3,4,0.0,0.0
3,5,17831.13186133282,0.36440680384494906
3,6,954589.9426442685,19.50852434308283
3,7,2489129.342329132,50.8692143072425
3,8,3166713.76017383,64.71670160990612
3,9,2703309.8778439607,55.24632536220637
3,10,2274808.1383744823,46.48922847478523
3,11,2176490.7917034444,44.47996118084516
3,12,2264186.2855366208,46.27215445650879
3,13,2246120.8101084298,45.9029584788265
3,14,2396264.498159115,48.97137734900998
3,15,2618325.4523932682,53.509536968966856
3,16,3216488.9804024072,65.73393534779956
3,17,4413198.6425467115,90.19055125438949
3,18,4677322.918995093,95.58834002892777
3,19,3319649.8929127473,67.84218841339107
3,20,1693293.250839764,34.60507085637242
3,21,987432.2961013794,20.179708715848573
3,22,638505.1441389157,13.04884180228529
3,23,17977.213930786264,0.3673922172467771
4,0,0.0,0.0
4,1,0.0,0.0
4,2,0.0,0.0
4,3,0.0,0.0
4,4,0.0,0.0
4,5,17831.13186133282,0.36440680384494906
4,6,907449.1084530401,18.54512836509323
4,7,2362569.798792058,48.28277396710733
4,8,2960735.5072909105,60.50721690762537
4,9,2499122.7307698126,51.073444681936024
4,10,2179422.444010802,44.53987403750601
4,11,2141011.1305675954,43.75487933990754
4,12,2262358.659210486,46.234804081147935
4,13,2279049.244573232,46.57590205034241
4,14,2429229.4531412804,49.645067273876336
4,15,2684942.442185147,54.87095835940997
4,16,3207269.4724659845,65.54552042011791
4,17,4340907.8359185895,88.71317662693507
4,18,4541960.81367527,92.82200570170058
4,19,3214087.4771112218,65.68485690759904
4,20,1635522.228539652,33.42443051592992
4,21,990290.9073740105,20.23812886580852
4,22,672610.6456196676,13.745840561802119
4,23,53493.395583998456,1.0932204115348472
5,0,0.0,0.0
5,1,0.0,0.0
5,2,0.0,0.0
5,3,0.0,0.0
5,4,0.0,0.0
5,5,73.04103472672382,0.0014927067009140413
5,6,870068.7799563296,17.781203442093847
5,7,2102103.6858960073,42.95974543204311
5,8,2330606.9130997,47.62956288059905
5,9,1928666.5566499229,39.415289004480975
5,10,1897981.9642545828,38.788201821848524
5,11,2042950.1579284482,41.75085144648767
5,12,2166455.458374438,44.274873597377045
5,13,2400461.4789798274,49.057149154107265
5,14,2795461.95966966,57.129595917710596
5,15,3139132.240949555,64.15303053485218
5,16,3649111.018347464,74.57523691779774
5,17,4812059.084129964,98.34188229875954
5,18,4848557.4206496915,99.087782349314
5,19,3495761.570023952,71.44130337002686
5,20,2075346.6603165243,42.412924161938484
5,21,1538916.7918613504,31.450148754808215
5,22,1412007.918834367,28.856569325360226
5,23,519411.2536572039,10.614973648238838
6,0,33147.55756898226,0.6774216916186494
6,1,0.0,0.0
6,2,0.0,0.0
6,3,0.0,0.0
6,4,0.0,0.0
6,5,0.0,0.0
6,6,146.08206945344764,0.0029854134018280827
6,7,159895.85847418156,3.267719580997229
6,8,449984.4826726739,9.196130026168467
6,9,927606.1890999308,18.95706953576602
6,10,1437775.9043556787,29.383178029640327
6,11,1914147.5027322595,39.11856964453605
6,12,2406720.429693532,49.185060508402735
6,13,2595247.2459410825,53.03789806701067
6,14,2672677.0264286622,54.62029558665898
6,15,2802511.3969816943,57.2736620902767
6,16,2859638.0147529296,58.441133025850384
6,17,2848013.3622149136,58.20356524214886
6,18,2565806.606815111,52.43623299658895
6,19,1995469.0599286794,40.780501650428725
6,20,1536490.3472050715,31.400560599172472
6,21,1525020.1120075304,31.166148573049227
6,22,1623331.30389726,33.17529008449818
6,23,716668.3210631233,14.646227414304915
